 Null title                                                       Feff 8.50L
 POT  SCF  30  5.0000   0, core-hole, AFOLP (folp(0)= 1.150)
 Abs   Z=29 Rmt= 1.451 Rnm= 1.505 K  shell
 Pot 1 Z=29 Rmt= 1.360 Rnm= 1.398
 Gam_ch=1.729E+00 H-L exch
 Mu=-8.110E+00 kf=1.977E+00 Vint=-1.678E+01 Rs_int= 1.835
 PATH  Rmax= 5.000,  Keep_limit= 0.00, Heap_limit 0.00  Pwcrit= 2.50%
 Path    1      icalc       2
 -----------------------------------------------------------------------
   2  12.000   2.5562    2.6447   -8.11045 nleg, deg, reff, rnrmav(bohr), edge
        x         y         z   pot at#
     0.0000    0.0000    0.0000  0  29 Cu       absorbing atom
     1.8075    0.0000   -1.8075  1  29 Cu    
    k   real[2*phc]   mag[feff]  phase[feff] red factor   lambda     real[p]@#
  0.000  3.8526E+00  7.8148E-05 -5.8864E+00  9.574E-01  1.3313E+01  1.5106E+00
  0.100  3.8544E+00  3.4055E-02 -6.3903E+00  9.578E-01  1.3341E+01  1.5138E+00
  0.200  3.8598E+00  6.7050E-02 -6.8827E+00  9.589E-01  1.3423E+01  1.5232E+00
  0.300  3.8684E+00  9.8217E-02 -7.3620E+00  9.608E-01  1.3554E+01  1.5388E+00
  0.400  3.8798E+00  1.2724E-01 -7.8270E+00  9.633E-01  1.3728E+01  1.5605E+00
  0.500  3.8933E+00  1.5425E-01 -8.2759E+00  9.665E-01  1.3933E+01  1.5879E+00
  0.600  3.9081E+00  1.7962E-01 -8.7066E+00  9.702E-01  1.4156E+01  1.6208E+00
  0.700  3.9233E+00  2.0377E-01 -9.1168E+00  9.745E-01  1.4383E+01  1.6589E+00
  0.800  3.9380E+00  2.2698E-01 -9.5044E+00  9.793E-01  1.4598E+01  1.7019E+00
  0.900  3.9512E+00  2.4921E-01 -9.8676E+00  9.844E-01  1.4783E+01  1.7495E+00
  1.000  3.9619E+00  2.7054E-01 -1.0207E+01  9.900E-01  1.4923E+01  1.8014E+00
  1.100  3.9692E+00  2.9052E-01 -1.0522E+01  9.959E-01  1.5004E+01  1.8573E+00
  1.200  3.9722E+00  3.0871E-01 -1.0814E+01  1.002E+00  1.5018E+01  1.9171E+00
  1.300  3.9703E+00  3.2460E-01 -1.1083E+01  1.009E+00  1.4960E+01  1.9805E+00
  1.400  3.9627E+00  3.3769E-01 -1.1330E+01  1.015E+00  1.4830E+01  2.0474E+00
  1.500  3.9490E+00  3.4748E-01 -1.1557E+01  1.023E+00  1.4634E+01  2.1176E+00
  1.600  3.9288E+00  3.5359E-01 -1.1763E+01  1.030E+00  1.4383E+01  2.1911E+00
  1.700  3.9017E+00  3.5563E-01 -1.1950E+01  1.038E+00  1.4093E+01  2.2678E+00
  1.800  3.8675E+00  3.5336E-01 -1.2118E+01  1.045E+00  1.3780E+01  2.3477E+00
  1.900  3.8258E+00  3.4669E-01 -1.2266E+01  1.052E+00  1.3465E+01  2.4308E+00
  2.000  3.7765E+00  3.3536E-01 -1.2392E+01  1.059E+00  1.3168E+01  2.5173E+00
  2.200  3.6553E+00  2.9817E-01 -1.2573E+01  1.071E+00  1.2714E+01  2.7008E+00
  2.400  3.4596E+00  2.3963E-01 -1.2655E+01  1.109E+00  1.0648E+01  2.9164E+00
  2.600  3.3804E+00  2.1610E-01 -1.2902E+01  1.270E+00  6.5909E+00  3.0887E+00
  2.800  3.3713E+00  1.8105E-01 -1.3144E+01  1.309E+00  5.7677E+00  3.2297E+00
  3.000  3.3265E+00  1.3930E-01 -1.3187E+01  1.317E+00  5.3871E+00  3.3808E+00
  3.200  3.2640E+00  1.0919E-01 -1.2942E+01  1.309E+00  5.2323E+00  3.5383E+00
  3.400  3.1901E+00  1.2419E-01 -1.2524E+01  1.293E+00  5.1989E+00  3.7009E+00
  3.600  3.1094E+00  1.7587E-01 -1.2326E+01  1.271E+00  5.2416E+00  3.8681E+00
  3.800  3.0224E+00  2.4253E-01 -1.2305E+01  1.249E+00  5.3367E+00  4.0393E+00
  4.000  2.9312E+00  3.1293E-01 -1.2346E+01  1.229E+00  5.4705E+00  4.2140E+00
  4.200  2.8375E+00  3.8065E-01 -1.2411E+01  1.209E+00  5.6345E+00  4.3918E+00
  4.400  2.7406E+00  4.4485E-01 -1.2479E+01  1.188E+00  5.8229E+00  4.5722E+00
  4.600  2.6415E+00  5.0445E-01 -1.2549E+01  1.169E+00  6.0319E+00  4.7549E+00
  4.800  2.5402E+00  5.5762E-01 -1.2611E+01  1.153E+00  6.2584E+00  4.9397E+00
  5.000  2.4374E+00  6.0670E-01 -1.2674E+01  1.134E+00  6.5003E+00  5.1262E+00
  5.200  2.3334E+00  6.5098E-01 -1.2734E+01  1.118E+00  6.7561E+00  5.3143E+00
  5.400  2.2290E+00  6.9018E-01 -1.2789E+01  1.104E+00  7.0243E+00  5.5036E+00
  5.600  2.1256E+00  7.2450E-01 -1.2844E+01  1.089E+00  7.3040E+00  5.6941E+00
  5.800  2.0235E+00  7.5341E-01 -1.2895E+01  1.076E+00  7.5943E+00  5.8857E+00
  6.000  1.9230E+00  7.7666E-01 -1.2944E+01  1.064E+00  7.8944E+00  6.0781E+00
  6.500  1.6819E+00  8.0718E-01 -1.3057E+01  1.039E+00  8.6844E+00  6.5623E+00
  7.000  1.4529E+00  8.0471E-01 -1.3160E+01  1.020E+00  9.5255E+00  7.0500E+00
  7.500  1.2328E+00  7.8281E-01 -1.3254E+01  1.006E+00  1.0413E+01  7.5404E+00
  8.000  1.0149E+00  7.4909E-01 -1.3345E+01  9.929E-01  1.1343E+01  8.0327E+00
  8.500  8.0976E-01  7.0556E-01 -1.3435E+01  9.820E-01  1.2313E+01  8.5266E+00
  9.000  6.1696E-01  6.5425E-01 -1.3528E+01  9.731E-01  1.3320E+01  9.0216E+00
  9.500  4.3514E-01  5.9971E-01 -1.3625E+01  9.656E-01  1.4363E+01  9.5175E+00
 10.000  2.5922E-01  5.4765E-01 -1.3725E+01  9.573E-01  1.5441E+01  1.0014E+01
 11.000 -8.1342E-02  4.5614E-01 -1.3930E+01  9.418E-01  1.7693E+01  1.1009E+01
 12.000 -3.9469E-01  3.7674E-01 -1.4139E+01  9.324E-01  2.0067E+01  1.2005E+01
 13.000 -6.8557E-01  3.1475E-01 -1.4346E+01  9.274E-01  2.2557E+01  1.3003E+01
 14.000 -9.5383E-01  2.6506E-01 -1.4554E+01  9.246E-01  2.5157E+01  1.4001E+01
 15.000 -1.2020E+00  2.2651E-01 -1.4765E+01  9.240E-01  2.7861E+01  1.4999E+01
 16.000 -1.4336E+00  1.9549E-01 -1.4987E+01  9.240E-01  3.0664E+01  1.5998E+01
 17.000 -1.6481E+00  1.6727E-01 -1.5221E+01  9.249E-01  3.3564E+01  1.6997E+01
 18.000 -1.8494E+00  1.4200E-01 -1.5444E+01  9.261E-01  3.6555E+01  1.7997E+01
 19.000 -2.0372E+00  1.1995E-01 -1.5665E+01  9.276E-01  3.9635E+01  1.8996E+01
 20.000 -2.2137E+00  1.0004E-01 -1.5885E+01  9.291E-01  4.2800E+01  1.9996E+01
